[0,
 0,
 0,
 187992256203796307232512555649910409545774058407756787321797036751311243974742849996920,
 0,
 0,
 187992256203796307232512555649910409545774058407756787321797036751311243974742849996920,
 0,
 0,
 0,
 0,
 0,
 187992256203796307232512555649910409545774058407756787321797036751311243974742849996920,
 0,
 0,
 187992256203796307232512555649910409545774058407756787321797036751311243974742849996920,
 0,
 0,
 0,
 0,
 0,
 0,
 0,
 0,
 187992256203796307232512555649910409545774058407756787321797036751311243974742849996920]